216010
216010 249499 1.885869 15.844109
216010 188414 2.541037 19.489719
216010 388428 2.361046 23.142238
249499 669370 1.800674 22.360499
188414 395799 1.306044 23.687944
188414 235535 2.684864 26.754785
188414 593051 2.038365 26.365882
388428 179923 1.375068 16.661076
669370 331794 1.897017 19.591143
669370 527296 2.013223 19.287887
669370 382043 1.554143 25.295102
669370 417756 1.170604 27.742737
395799 808462 1.789768 21.968830
395799 280612 2.139155 27.416288
395799 387952 2.230791 27.197342
395799 211048 1.225800 26.474807
235535 185980 1.282587 29.284743
235535 141587 1.714776 19.961213
235535 544125 1.271740 24.493007
235535 923590 1.909368 18.341680
593051 644439 1.528938 22.431931
593051 266185 2.016849 16.612375
179923 913337 1.242031 20.673765
331794 869125 1.302691 20.664565
331794 276915 2.569617 26.145866
527296 747828 2.961265 23.297869
527296 408858 2.872705 29.694215
382043 479287 1.603872 18.270557
382043 783756 2.118058 24.495760
382043 265323 2.453171 16.840683
417756 847509 2.176670 23.615502
808462 344364 2.608308 15.847056
808462 865797 1.947213 26.792674
808462 895052 2.281804 22.165342
280612 456687 1.709135 28.168608
280612 750118 2.647621 28.807489
387952 729033 2.290875 19.526479
387952 637340 1.917262 19.214153
211048 358778 2.014767 21.710766
185980 525920 1.040341 29.154823
185980 272891 2.480966 27.757829
185980 318195 2.745321 24.828640
141587 665762 2.491902 17.496242
141587 716313 1.952962 21.907811
141587 201134 1.123366 16.136465
544125 770088 2.242894 28.880907
923590 868490 1.441647 16.733915
923590 476483 2.639559 24.514747
923590 674276 1.060646 26.154135
923590 300885 2.515577 25.169688
