590822
590822 995545 1.743429 23.076653
590822 447969 1.478304 18.709222
590822 750570 2.022930 28.038681
590822 796392 2.134733 19.138740
995545 785952 1.204476 26.600588
447969 876548 1.256362 29.629601
447969 406420 2.615828 23.629449
447969 370005 1.384620 15.272045
750570 359577 1.607675 24.625143
796392 104115 1.631858 22.515231
796392 342201 2.400824 15.591904
785952 969819 1.666621 24.156151
785952 746693 2.357505 29.098926
785952 887107 2.633681 18.681603
785952 191905 1.937277 18.170196
876548 290883 2.855352 23.300424
876548 926833 1.803221 17.764816
876548 126625 1.636700 17.037224
876548 472126 1.170307 17.286382
406420 852581 2.211901 28.735062
406420 779519 1.968222 19.443999
370005 975870 2.939554 26.227624
370005 190210 1.291492 27.908211
370005 440545 1.470990 22.499905
359577 738406 2.133251 24.324827
359577 677587 2.411865 17.110125
359577 930019 1.886003 19.511561
359577 775081 2.029874 20.989575
104115 658403 2.512321 17.658606
104115 157506 1.560275 19.740508
104115 564727 1.478608 28.234533
342201 248117 1.622448 19.200016
342201 147895 1.657121 20.483699
342201 359139 1.161964 21.414904
969819 982608 2.061753 18.074414
969819 567325 1.175585 29.032779
969819 115198 2.108569 18.200865
969819 417335 2.856602 28.317489
746693 650874 1.459628 24.526469
887107 374642 2.967741 21.591286
887107 653427 1.985010 19.255354
887107 517429 1.538923 18.657787
191905 950927 2.967387 19.760525
191905 767016 2.865943 17.894153
191905 859096 1.507688 15.771313
290883 721425 2.104595 26.657527
290883 801746 2.303708 17.531409
926833 821533 1.628925 24.479593
926833 729564 2.508106 17.462097
926833 316385 2.123343 29.731348
