889951
889951 931669 1.445351 29.640646
889951 633194 2.146235 25.083294
889951 602962 2.169619 20.258089
931669 244511 1.023744 21.738871
931669 380615 2.298073 28.191906
931669 251237 2.767964 22.722935
633194 502401 1.824429 15.616844
602962 592110 1.646071 15.199571
244511 761547 2.427754 24.111615
244511 438527 2.914185 16.012115
244511 328327 2.764752 28.217923
244511 175186 2.432338 18.013980
380615 779935 2.173199 23.963085
251237 385705 1.762904 29.852632
251237 663873 2.645758 28.844050
251237 814399 1.942749 20.990646
251237 769477 2.751095 28.268254
502401 358547 1.736441 25.494653
502401 480739 2.832428 28.635259
502401 595406 2.260319 16.859745
592110 599661 1.082905 22.088807
592110 163399 2.244743 28.148684
592110 145689 1.949880 26.911223
761547 612802 2.544085 22.895611
438527 380929 2.524237 28.652274
438527 503432 1.999048 16.976614
328327 554719 1.286672 22.807533
328327 269669 2.071846 16.366572
175186 205074 1.896516 27.524602
175186 813240 2.874684 21.872624
175186 640042 2.680769 27.685460
175186 920314 1.466855 25.672839
779935 307057 2.602190 21.433217
779935 372373 2.248308 29.871082
779935 552736 1.208031 19.193577
779935 937556 1.694704 21.707362
385705 322792 1.150532 23.774651
385705 727595 1.846400 17.454055
385705 867654 1.236911 29.223808
385705 825456 1.427133 26.443596
663873 755256 2.487575 15.612304
663873 640682 2.657158 23.706420
663873 615302 2.890700 16.518083
663873 956100 1.380651 25.253970
814399 615348 1.469594 17.767263
814399 408676 2.833595 22.553388
769477 379838 1.096957 24.946384
358547 456507 1.446763 24.500228
358547 283147 1.293446 22.812775
480739 274594 1.917348 16.490250
480739 684089 1.348831 26.383772
