207716
207716 845150 2.694091 24.443498
845150 466515 1.191607 25.604771
845150 276579 1.915718 16.093380
845150 820249 1.699805 16.789757
845150 794071 2.314353 15.039251
466515 319590 1.009262 28.113763
466515 518571 2.321667 28.564151
466515 184253 1.101482 27.439653
466515 339619 2.229737 27.832123
276579 454657 2.059684 18.885821
276579 472118 1.329110 25.020129
276579 924454 1.001651 27.820190
820249 911198 2.919478 29.510746
794071 583873 2.271633 18.602452
794071 965403 1.016681 16.758161
794071 306213 2.683059 27.307895
794071 465744 1.103343 24.154086
319590 305327 1.498253 25.935652
319590 863843 2.741847 26.770920
319590 490152 1.561909 26.298967
319590 641774 1.047802 21.793892
518571 321315 2.632249 18.794747
518571 890662 2.074409 25.351852
518571 777477 2.226554 26.229085
184253 334491 1.564432 23.946940
184253 444176 1.079558 19.633171
184253 282653 2.916759 28.610915
184253 593217 1.853346 26.487417
339619 652225 2.936016 23.629686
454657 820046 2.816738 15.466855
454657 423076 2.035566 22.597900
454657 184372 2.061532 25.213939
472118 974775 1.381675 20.093508
472118 203048 2.907322 17.141322
472118 534653 2.534070 27.681110
472118 834755 1.043494 25.794611
924454 449922 1.518171 21.532513
924454 615826 2.413015 19.706386
924454 438998 2.326261 21.548768
924454 338149 1.060630 21.803651
911198 725192 2.822576 22.007317
911198 733006 2.038641 18.407923
911198 600180 1.042710 22.292333
911198 757839 2.962616 28.834797
583873 373621 1.605597 23.243819
583873 259130 1.888479 20.952156
965403 333973 1.856235 29.632366
965403 590241 1.861633 17.414754
306213 320364 1.909129 18.183553
306213 395343 1.130587 24.160404
306213 160064 1.018175 16.957351
