511007
511007 304102 2.568622 15.697812
511007 450576 1.206469 17.388072
304102 874465 1.509573 28.183941
304102 654287 2.072932 15.368867
304102 834268 2.851293 25.125055
450576 847498 2.655137 27.197058
450576 267214 2.086408 25.215338
874465 957185 2.361827 25.441758
874465 465325 2.067393 24.389806
874465 209377 1.030159 25.348826
874465 491586 2.759672 20.996479
654287 447088 1.201202 24.390680
654287 664583 2.093695 26.242009
654287 648927 2.002599 24.880667
654287 908228 1.785050 26.220097
834268 185665 1.790692 17.969861
834268 622382 1.849447 20.110371
847498 179196 2.063321 25.291293
847498 637966 2.386215 19.918837
847498 932340 1.354317 17.704443
267214 149601 2.945180 29.234869
267214 317703 2.397269 22.466129
267214 722380 2.001695 27.391142
957185 735286 1.879475 16.297558
957185 124448 1.696532 18.795634
957185 703870 2.830588 18.434595
465325 997523 2.308950 15.410482
465325 468228 2.758565 19.155647
209377 291116 2.283459 28.845104
491586 651199 1.530888 16.193967
447088 399463 2.423476 22.131982
447088 598864 1.979993 29.396786
447088 650686 2.878911 23.238052
447088 233003 2.585739 28.074116
664583 959846 1.932006 24.978526
664583 600539 2.785242 28.862866
664583 439237 2.684288 25.506207
664583 797087 2.192232 22.584588
648927 601862 2.338831 28.048737
648927 214664 1.769338 24.928189
648927 261306 2.287082 27.710363
648927 872832 1.569461 19.875660
908228 949067 1.889762 25.509638
908228 594235 2.601246 26.587699
908228 208034 2.791117 27.933471
908228 224123 2.079621 16.768351
185665 611639 2.885692 25.046291
185665 794576 1.760327 26.965151
185665 388041 2.486198 29.254252
622382 985587 2.971865 15.719028
622382 486546 1.540210 16.854277
622382 122688 2.456128 19.921002
