728601
728601 553430 2.301129 25.208587
553430 201304 2.612371 21.789832
201304 581694 1.012186 16.611436
201304 104364 1.265791 28.512813
581694 314968 1.792635 28.764408
581694 242288 2.452079 25.490173
581694 831309 1.812094 18.792474
581694 917424 1.128455 23.103943
104364 977656 1.937280 26.888173
104364 472532 1.268277 17.789932
104364 861174 2.598562 25.103385
314968 294341 2.981774 26.350648
314968 225758 1.792790 16.014617
314968 429410 2.786566 15.334639
242288 592280 1.410520 28.862659
242288 208212 1.563976 20.347697
242288 370579 1.344841 23.426495
242288 783907 2.885020 21.784635
831309 507038 1.687215 19.808249
917424 561367 2.668057 25.417914
917424 402286 1.695740 25.512203
917424 215098 1.736360 29.253253
917424 439528 2.104613 21.873861
977656 590507 1.496346 19.229158
977656 685395 2.035872 21.647177
977656 634712 1.601550 29.622940
472532 810426 2.895782 17.032271
472532 198773 2.973833 26.875019
472532 956184 2.457180 24.879450
861174 525948 1.781230 26.789853
861174 886316 1.446692 26.364520
861174 733513 1.576271 21.230243
294341 429920 2.917541 21.827819
294341 986840 1.809868 23.292027
294341 921663 1.557098 23.054812
225758 707836 2.095842 28.847394
429410 559291 2.117078 27.239629
429410 635981 2.835624 25.592734
592280 264018 1.064783 26.986880
592280 498641 1.149455 27.057921
592280 663703 2.088169 24.968909
592280 822902 1.477206 26.172465
208212 314303 1.903562 20.547551
208212 359519 1.013669 17.170809
370579 421303 2.586513 28.280174
370579 804241 2.651424 20.326350
783907 438819 2.668843 26.544316
783907 386237 2.918697 16.258849
783907 637209 2.007903 22.941163
783907 536585 1.893969 21.407702
