349667
349667 815440 2.064513 22.430299
349667 555878 1.453189 19.088292
349667 150685 1.767911 27.470553
349667 107251 1.164048 20.236318
815440 350553 1.871374 25.051353
815440 792843 2.761837 19.996672
555878 469406 2.068976 27.149810
555878 300178 1.476091 19.670600
150685 322455 1.831768 29.663045
150685 601321 2.132928 17.744893
107251 212374 2.951506 15.516233
350553 171535 2.562380 27.664435
792843 587033 1.906611 18.834941
792843 450935 1.167218 21.412303
792843 264306 1.634676 22.583413
792843 676745 1.759557 21.689167
469406 248660 1.702348 28.355280
469406 692604 1.526304 18.273623
469406 435805 2.203886 20.738918
300178 152433 2.255988 23.752797
300178 596209 2.554891 28.791148
300178 726137 2.293000 22.997920
300178 799260 1.781764 27.424234
322455 953495 2.556939 18.250549
322455 277988 2.183688 20.552763
322455 619466 1.958112 15.320834
322455 951551 1.224571 15.406616
601321 586222 1.133021 16.874497
212374 330219 1.572684 20.412261
212374 526969 2.692036 22.038693
171535 727862 1.325530 22.549515
171535 130787 2.358866 24.381197
171535 856856 2.234955 19.296182
587033 222445 2.770639 22.690435
587033 394776 2.772601 17.256693
587033 583386 2.972980 23.023170
587033 399544 1.436392 20.456368
450935 507789 2.640034 16.700069
450935 109440 1.096186 18.737769
450935 955959 1.418087 17.062912
450935 866293 2.634214 27.353498
264306 440483 2.046829 20.086553
264306 979011 2.281155 20.650766
264306 711584 1.694084 27.005014
676745 111297 2.827073 18.837748
676745 927216 2.828668 23.020956
676745 381290 2.304694 21.901109
248660 960293 2.626980 23.555521
692604 951856 2.613009 16.286181
692604 506807 2.314475 19.090834
