710930
710930 624966 1.244010 28.562391
710930 222458 1.989415 19.674811
710930 541094 2.894998 26.733549
710930 670047 1.707528 18.216873
624966 154145 2.039893 29.074162
624966 530757 1.025753 23.115815
624966 758266 2.148589 19.261540
222458 168312 2.874878 18.600533
222458 212074 1.116705 19.968623
222458 656166 2.208196 26.048762
541094 401114 1.562437 16.905755
541094 976370 2.384521 21.200428
541094 368831 2.061389 15.201864
541094 997152 1.709848 18.074744
670047 716680 2.646960 25.831297
154145 712201 2.033045 25.607529
154145 152382 1.069820 25.101641
154145 718494 2.484167 23.377208
530757 638481 2.824125 25.282800
530757 235955 2.599372 26.054119
758266 167141 1.144105 17.284605
758266 400404 2.056418 21.010485
758266 225049 2.494263 17.809805
168312 513523 2.794708 20.924118
168312 715586 1.361507 20.432246
168312 425548 1.744823 29.918043
168312 370260 2.370955 25.984752
212074 225128 1.823113 20.121271
212074 388941 2.396957 22.787024
656166 360183 1.909729 22.918091
656166 483841 2.483516 25.628376
656166 676172 1.550528 23.262416
401114 170206 2.773681 22.045993
401114 191406 2.608680 25.783017
976370 416702 1.404528 15.313212
976370 262507 2.194511 28.027945
976370 142575 1.435404 17.961456
976370 729053 2.541111 24.664341
368831 766634 1.941121 19.781283
368831 815800 1.311465 18.858657
997152 341352 1.311801 28.767376
997152 682482 1.628181 26.951159
997152 571506 2.952936 26.786383
997152 431536 2.408535 29.366079
716680 614592 2.385638 28.792727
712201 618528 2.421175 19.002365
712201 448955 1.747444 26.490303
712201 922373 1.473174 20.980018
712201 892234 2.741123 21.337857
152382 288103 2.146121 23.190466
152382 672634 1.363901 17.777208
152382 123525 1.115762 23.053096
152382 948832 1.630297 27.551705
