210948
210948 226729 1.780675 15.967902
210948 755937 2.537513 18.924120
210948 157794 2.524287 25.434062
226729 392757 2.222892 18.713420
226729 412149 2.733047 24.154577
226729 992941 2.260038 23.457414
226729 410956 1.005265 21.420067
755937 820253 2.442993 22.196275
755937 800156 1.589552 28.770367
755937 361611 2.834447 26.528206
157794 820513 2.772148 18.588043
157794 724066 1.046443 17.311974
157794 828302 2.390318 26.876250
392757 723796 1.564077 20.493287
412149 707976 2.913691 25.379355
412149 676693 2.595837 25.493424
412149 341569 2.631260 27.223622
992941 488650 1.575810 27.558964
410956 160422 1.419303 24.881841
410956 412625 2.297169 28.087535
820253 273942 2.812257 25.366999
820253 329440 2.296354 23.699545
820253 170100 2.570779 17.409430
800156 956659 2.035507 28.277702
800156 895093 1.930789 20.738031
361611 505376 2.472425 29.405069
820513 845348 1.902995 28.259142
820513 151389 1.173749 26.754143
724066 166184 1.793722 17.734307
724066 893720 1.496175 15.915310
724066 336177 2.225814 18.237091
828302 307419 1.781895 28.669114
723796 674554 1.732858 15.596371
707976 340647 1.398807 22.909126
707976 861535 2.049878 20.709469
707976 249397 2.308835 19.788663
676693 116034 2.568706 26.126272
676693 301416 1.581714 22.965759
676693 356016 1.917766 24.842981
341569 828002 2.936219 22.584422
341569 967048 2.125353 18.362082
488650 526005 1.273377 25.488592
488650 435773 2.078811 24.744072
488650 863299 2.909786 18.136576
160422 422765 1.637301 20.102012
412625 315644 1.399489 23.941850
412625 192454 1.297660 18.311627
412625 939868 2.217021 28.661129
412625 518118 2.859950 28.447513
273942 904285 1.701260 20.929913
