529108
529108 125706 1.048930 28.337420
529108 218898 1.023443 21.933339
529108 238409 2.400350 22.927444
125706 932774 1.059044 18.252201
218898 306924 2.603558 21.045813
238409 634626 1.744331 22.680742
238409 119306 1.713376 20.820214
932774 587642 1.152711 17.587082
932774 435113 1.142590 19.791321
306924 925680 1.121058 17.125702
306924 789569 1.174699 24.970163
634626 408882 1.846565 22.407893
634626 807525 1.456361 19.246235
119306 770042 1.380213 17.774749
587642 522728 1.264830 28.647829
587642 374208 2.962103 18.555073
435113 576693 2.704803 28.297602
435113 702955 2.287531 24.382440
435113 858304 1.821351 28.594839
435113 758452 2.054994 18.446279
925680 127735 1.604830 29.099615
925680 924377 1.935534 19.521223
789569 495413 2.351398 22.382130
408882 443841 1.417697 24.416005
408882 212731 2.983432 22.608981
408882 783730 2.247923 27.760033
807525 240567 1.826952 20.691293
807525 425735 1.611815 27.280432
807525 394623 1.511968 25.823156
807525 235468 1.745430 23.214984
770042 269252 2.509404 26.324726
770042 732926 1.579666 27.430471
522728 553843 1.735662 22.644024
374208 800336 1.316252 24.527306
576693 726354 1.723818 28.745096
576693 164271 2.880644 26.560819
702955 849481 1.858851 17.036734
702955 961891 1.914652 23.269950
702955 912178 1.205170 23.429110
858304 757284 1.480599 29.224680
858304 746929 1.583883 17.118163
858304 346194 1.950353 26.300273
858304 991340 1.828217 23.426843
758452 254329 1.284824 21.358861
758452 849927 2.719750 29.436932
758452 786788 1.368054 28.875778
758452 473477 2.241212 23.097270
127735 642899 1.679092 23.357427
127735 667076 1.284782 21.174542
127735 351094 2.699360 24.806351
